[1,正在播放,-83,200]
[2,我的音樂,-83,200]
[3,文件夾,-73,200]
[4,播放設置,-83,200]
[5,系統設置,-83,200]
[6,首頁,0,0]
[7,SD卡,60,45]
[8,OTG,60,45]
[12,未知,0,0]
[13,歌曲名,14,45]
[14,歌手,14,45]
[15,專輯,14,45]
[16,風格,14,45]
[17,年代,14,45]
[18,採樣率,14,45]
[19,比特率,14,45]
[20,位深,14,45]
[21,大小,14,45]
[22,編碼,14,45]
[23,位置,14,45]
[29,歌曲信息,14,45]
[30,音量限制,60,45]
[31,開機音量,60,45]
[32,斷點播放,60,45]
[33,無縫播放,60,45]
[34,EQ,60,45]
[35,增益設置,60,45]
[36,數字濾波器,60,45]
[37,聲道平衡,60,45]
[38,播放模式,60,45]
[39,文件夾跳曲,60,45]
[40,淡入淡出,60,45]
[41,回放增益,60,45]
[45,記憶音量,14,45]
[46,音量,0,0]
[47,關閉,60,45]
[48,曲目,60,45]
[49,位置,60,45]

[59,順序播放,60,45]
[60,單曲循環,60,45]
[61,隨機播放,60,45]
[62,循環播放,60,45]
[63,更新我的音樂,60,45]
[64,藍牙,60,45]
[65,背光亮度,60,45]
[66,背光時間,60,45]
[67,電源管理,60,45]
[68,睡眠關機,60,45]
[69,USB模式,60,45]
[70,時鐘,60,45]
[71,屏保,60,45]
[72,音量鎖,60,45]
[73,電源按鈕連按,60,45]
[74,DSD輸出模式,60,45]
[75,USB AUDIO輸出,60,45]
[76,輸出選擇,60,45]
[77,主題,60,45]
[78,語言選擇,60,45]
[79,關於,60,45]
[80,恢復出廠設定,60,45]
[81,系統升級,60,45]
[82,技術證明,60,45]

[87,深度待機,60,45]
[88,省電關機,60,45]
[89,1分鐘,60,45]
[90,3分鐘,60,45]
[91,5分鐘,60,45]
[92,10分鐘,60,45]
[93,關閉,60,45]
[94,15分鐘,60,45]
[95,30分鐘,60,45]
[96,1小時,60,45]
[97,2小時,60,45]
[98,3小時,60,45]
[99,D2P,60,45]
[100,DOP,60,45]
[101,原生,60,45]

[102,简体中文,60,45]
[103,繁体中文,60,45]
[104,English,60,45]
[105,日本語,60,45]
[106,한국어,60,45]
[107,Français,60,45]
[108,Deutsch,60,45]
[109,español,60,45]
[110,Italiano,60,45]
[111,ภาษาไทย,60,45]
[112,Polski,60,45]

[114,藍牙,0,0]
[115,無線播放品質,0,0]
[116,藍牙搜索,0,0]
[119,24H,0,0]
[120,型號,60,45]
[121,外置內存,60,45]
[122,可用內存,60,45]
[123,藍牙地址,60,45]
[124,固件版本,60,45]

[130,全部歌曲,60,45]
[131,我的最愛,60,45]
[132,專輯分類,60,45]
[133,表演者分類,60,45]
[134,作曲者分类,60,45]
[135,播放列表,60,45]
[136,風格分類,60,45]
[137,經常播放,60,45]
[138,最近播放,60,45]
[139,最近新增,60,45]

[150,亮度,0,0]
[151,常亮,60,45]
[152,10秒,60,45]
[153,20秒,60,45]
[154,30秒,60,45]
[155,40秒,60,45]

[160,音量固定,60,45]
[161,音量可調,60,45]

[180,LDAC音質優先,60,45]
[181,LDAC標準,60,45]
[182,LDAC連接優先(自動),60,45]
[183,aptX,60,45]
[184,AAC,60,45]
[185,SBC,60,45]

[190,不支持移除,0,0]
[191,已匹配,0,0]
[192,此歌曲不支持,0,0]
[193,播放失敗,0,0]
[194,藍牙配對碼,0,0]
[195,連接已斷開,0,0]
[196,連接失敗,0,0]
[197,已連接,0,0]
[198,正在連接,0,0]
[199,已取消配對,0,0]
[200,正在掃描,0,0]
[201,未發現存儲卡,0,0]
[202,未發現OTG,0,0]
[203,未發現文件,0,0]
[204,文件名過長,0,0]
[205,歌曲不存在,0,0]
[206,刪除歌曲失敗,0,0]
[207,刪除歌曲成功,0,0]
[208,已添加到我的最愛,0,0]
[209,歌曲已在我的最愛,0,0]
[210,未發現存儲設備,0,0]
[211,正在更新,0,0]
[212,第%d首,0,0]
[213,更新完成,0,0]
[214,總共%d首歌曲,0,0]
[215,請更新我的音樂,0,0]
[216,未知專輯,0,0]
[217,未知風格,0,0]
[218,未知表演者,0,0]
[219,全部歌曲,0,0]
[220,移除歌曲成功,0,0]
[221,播放列表超出,0,0]
[222,確定,50,71]
[223,取消,144,71]
[224,是否新建播放列表,0,0]
[225,刪除播放列表,0,0]
[226,刪除成功,0,0]
[227,歌曲添加成功,0,0]
[228,歌曲已在播放列表,0,0]
[229,TF卡插入,0,0]
[230,TF卡拔出,0,0]
[231,USB已連接,0,0]
[232,USB已斷開,0,0]
[233,Line Out輸出為最大音量，是否繼續,0,0]
[234,未知作曲者,0,0]

[235,音頻設備已連接,0,0]
[236,音頻設備已斷開,0,0]
[237,藍牙接收已連接,0,186]
[238,藍牙接收已斷開,0,186]
[239,是否重連藍牙,0,0]
[240,恢復出廠設定?,0,0]
[243,恢復出廠設定成功,0,0]
[244,電量過低,0,0]
[245,充電已完成,0,0]
[246,未發現新固件,0,0]
[247,固件校驗錯誤,0,0]
[248,確認升級?,0,0]
[249,電量不足50%,0,0]
[250,系統正在重啟,0,0]
[251,正在校驗固件,0,0]
[252,未發現歌曲,0,0]
[253,自動關機,0,0]
[254,已是最新版本,0,0]
[255,重置,0,0]

[260,線性相位快速滾降,60,45]
[261,線性相位慢速滾降,60,45]
[262,最小相位快速滾降,60,45]
[263,最小相位慢速滾降,60,45]
[264,快速切趾1,60,45]
[265,快速切趾2,60,45]
[266,最小相位快速滾降修正,60,45]
[267,磚墻濾波器,60,45]

[268,刪除文件夾失敗,0,0]
[269,刪除文件夾成功,0,0]
[270,快速連按兩次電源按鈕。,60,35]
[271,,60,35]

[273,自動更新,60,45]
[274,立即更新,60,45]

[275,無播放或操作後，一分鐘進入深度,60,35]
[276,待機，隨時開啟，無需關機。,60,60]

[277,添加到播放列表,14,45]
[278,添加到我的最愛,14,45]
[279,刪除,14,45]

[280,添加到播放列表,14,45]
[281,添加到我的最愛,14,45]
[282,移除歌曲,14,45]

[283,添加到播放列表,14,45]
[284,移除歌曲,14,45]
[285,清空我的最愛,14,45]

[286,添加到我的最愛,14,45]
[287,移除歌曲,14,45]
[288,清空此播放列表,14,45]

[289,清空我的最愛成功,0,0]
[290,清空此播放列表成功,0,0]

[291,添加到播放列表,14,45]
[292,添加到我的最愛,14,45]
[293,刪除此文件夾,14,45]

[294,無歌詞,0,120]

[295,已配對設備,0,6]
[296,可連接設備,0,6]

[297,正在啟動,0,5]
[298,是否退出藍牙,0,0]

[300,自定義1,60,45]
[301,自定義2,60,45]
[302,自定義3,60,45]
[303,古典,60,45]
[304,舞曲,60,45]
[305,重低音,60,45]
[306,超重低音,60,45]
[307,超高音,60,45]
[308,耳機,60,45]
[309,大廳,60,45]
[310,現場,60,45]
[311,流行,60,45]
[312,搖滾,60,45]
[313,輕柔,60,45]
[314,輕搖滾,60,45]


[320,關閉,60,45]
[321,上一首,60,45]
[322,下一首,60,45]
[323,播放/暫停,60,45]

[324,向右快速滑動退出,0,0]
[325,,0,0]

[326,任意頁面長按屏幕返回主頁面,0,0]
[327,,0,0]
[328,,0,0]
[329,快速連按三次電源按鈕,60,35]
[330,,60,35]
[331,雙擊,14,45]
[332,三擊,14,45]
[333,歌詞模式,14,45]
[334,此模式下歌詞介面熒幕常亮,0,0]

[335,自定義屏保說明:,0,0]
[336,1.自定義屏保圖片存儲文件夾為:,0,0]
[337,lockscreenimage，位於TF卡的根,0,0] 
[338,目錄;,0,0] 
[339,,0,0]
[340,2.圖片格式支持PNG、JPG，分辨,0,0]
[341,率為240x240，大小不超過1M;,0,0] 
[342,,0,0] 
[343,,0,0]
[344,3.圖片數量僅限5張以內.,0,0] 
[345,,0,0]