[1,正在播放,-83,200]
[2,我的音乐,-83,200]
[3,文件夹,-73,200]
[4,播放设置,-83,200]
[5,系统设置,-83,200]
[6,首页,0,0]
[7,SD卡,60,45]
[8,OTG,60,45]
[12,未知,0,0]
[13,歌曲名,14,45]
[14,歌手,14,45]
[15,专辑,14,45]
[16,风格,14,45]
[17,年代,14,45]
[18,采样率,14,45]
[19,比特率,14,45]
[20,位深,14,45]
[21,大小,14,45]
[22,编码,14,45]
[23,位置,14,45]
[29,歌曲信息,14,45]
[30,音量限制,60,45]
[31,开机音量,60,45]
[32,断点播放,60,45]
[33,无缝播放,60,45]
[34,EQ,60,45]
[35,增益设置,60,45]
[36,数字滤波器,60,45]
[37,声道平衡,60,45]
[38,播放模式,60,45]
[39,文件夹跳曲,60,45]
[40,淡入淡出,60,45]
[41,回放增益,60,45]
[45,记忆音量,14,45]
[46,音量,0,0]
[47,关闭,60,45]
[48,曲目,60,45]
[49,位置,60,45]

[59,顺序播放,60,45]
[60,单曲循环,60,45]
[61,随机播放,60,45]
[62,循环播放,60,45]
[63,更新我的音乐,60,45]
[64,蓝牙,60,45]
[65,背光亮度,60,45]
[66,背光时间,60,45]
[67,电源管理,60,45]
[68,睡眠关机,60,45]
[69,USB模式,60,45]
[70,时钟,60,45]
[71,屏保,60,45]
[72,音量锁,60,45]
[73,电源按钮连按,60,45]
[74,DSD输出模式,60,45]
[75,USB AUDIO输出,60,45]
[76,输出选择,60,45]
[77,主题,60,45]
[78,语言选择,60,45]
[79,关于,60,45]
[80,恢复出厂设定,60,45]
[81,系统升级,60,45]
[82,技术证明,60,45]

[87,深度待机,60,45]
[88,省电关机,60,45]
[89,1分钟,60,45]
[90,3分钟,60,45]
[91,5分钟,60,45]
[92,10分钟,60,45]
[93,关闭,60,45]
[94,15分钟,60,45]
[95,30分钟,60,45]
[96,1小时,60,45]
[97,2小时,60,45]
[98,3小时,60,45]
[99,D2P,60,45]
[100,DOP,60,45]
[101,原生,60,45]
[102,简体中文,60,45]
[103,繁体中文,60,45]
[104,English,60,45]
[105,日本語,60,45]
[106,한국어,60,45]
[107,Français,60,45]
[108,Deutsch,60,45]
[109,español,60,45]
[110,Italiano,60,45]
[111,ภาษาไทย,60,45]
[112,Polski,60,45]

[114,蓝牙,0,0]
[115,无线播放品质,0,0]
[116,蓝牙搜索,0,0]
[119,24H,0,0]
[120,型号,60,45]
[121,外置内存,60,45]
[122,可用内存,60,45]
[123,蓝牙地址,60,45]
[124,固件版本,60,45]

[130,全部歌曲,60,45]
[131,我的最爱,60,45]
[132,专辑分类,60,45]
[133,表演者分类,60,45]
[134,作曲者分类,60,45]
[135,播放列表,60,45]
[136,风格分类,60,45]
[137,经常播放,60,45]
[138,最近播放,60,45]
[139,最近添加,60,45]


[150,亮度,0,0]
[151,常亮,60,45]
[152,10秒,60,45]
[153,20秒,60,45]
[154,30秒,60,45]
[155,40秒,60,45]

[160,音量固定,60,45]
[161,音量可调,60,45]

[180,LDAC音质优先,60,45]
[181,LDAC标准,60,45]
[182,LDAC连接优先(自动),60,45]
[183,aptX,60,45]
[184,AAC,60,45]
[185,SBC,60,45]

[190,不支持移除,0,0]
[191,已匹配,0,0]
[192,此歌曲不支持,0,0]
[193,播放失败,0,0]
[194,蓝牙配对码,0,0]
[195,连接已断开,0,0]
[196,连接失败,0,0]
[197,已连接,0,0]
[198,正在连接,0,0]
[199,已取消配对,0,0]
[200,正在扫描,0,0]
[201,未发现存储卡,0,0]
[202,未发现OTG,0,0]
[203,未发现文件,0,0]
[204,文件名过长,0,0]
[205,歌曲不存在,0,0]
[206,删除歌曲失败,0,0]
[207,删除歌曲成功,0,0]
[208,已添加到我的最爱,0,0]
[209,歌曲已在我的最爱,0,0]
[210,未发现存储设备,0,0]
[211,正在更新,0,0]
[212,第%d首,0,0]
[213,更新完成,0,0]
[214,总共%d首歌曲,0,0]
[215,请更新我的音乐,0,0]
[216,未知专辑,0,0]
[217,未知风格,0,0]
[218,未知表演者,0,0]
[219,全部歌曲,0,0]
[220,移除歌曲成功,0,0]
[221,播放列表超出,0,0]
[222,确定,50,71]
[223,取消,144,71]
[224,是否新建播放列表,0,0]
[225,删除播放列表,0,0]
[226,删除成功,0,0]
[227,歌曲添加成功,0,0]
[228,歌曲已在播放列表,0,0]
[229,TF卡插入,0,0]
[230,TF卡拔出,0,0]
[231,USB已连接,0,0]
[232,USB已断开,0,0]
[233,Line Out输出为最大音量，是否继续?,0,0]
[234,未知作曲者,0,0]

[235,音频设备已连接,0,0]
[236,音频设备已断开,0,0]
[237,蓝牙接收已连接,0,186]
[238,蓝牙接收已断开,0,186]
[239,是否重连蓝牙,0,0]
[240,恢复出厂设定?,0,0]
[243,恢复出厂设定成功,0,0]
[244,电量过低,0,0]
[245,充电已完成,0,0]
[246,未发现新固件,0,0]
[247,固件校验错误,0,0]
[248,确认升级?,0,0]
[249,电量不足50%,0,0]
[250,系统正在重启,0,0]
[251,正在校验固件,0,0]
[252,未发现歌曲,0,0]
[253,自动关机,0,0]
[254,已是最新版本,0,0]
[255,重置,0,0]

[260,线性相位快速滚降,60,45]
[261,线性相位慢速滚降,60,45]
[262,最小相位快速滚降,60,45]
[263,最小相位慢速滚降,60,45]
[264,快速切趾1,60,45]
[265,快速切趾2,60,45]
[266,最小相位快速滚降修正,60,45]
[267,砖墙滤波器,60,45]

[268,删除文件夹失败,0,0]
[269,删除文件夹成功,0,0]
[270,快速连按两次电源按钮。,60,35]
[271,,60,35]

[273,自动更新,60,45]
[274,立即更新,60,45]

[275,无播放或操作后，一分钟进入深度,60,35]
[276,待机，随时开启，无需关机。,60,60]

[277,添加到播放列表,14,45]
[278,添加到我的最爱,14,45]
[279,删除,14,45]

[280,添加到播放列表,14,45]
[281,添加到我的最爱,14,45]
[282,移除歌曲,14,45]

[283,添加到播放列表,14,45]
[284,移除歌曲,14,45]
[285,清空我的最爱,14,45]

[286,添加到我的最爱,14,45]
[287,移除歌曲,14,45]
[288,清空此播放列表,14,45]

[289,清空我的最爱成功,0,0]
[290,清空此播放列表成功,0,0]

[291,添加到播放列表,14,45]
[292,添加到我的最爱,14,45]
[293,删除此文件夹,14,45]

[294,无歌词,0,120]

[295,已配对设备,0,6]
[296,可连接设备,0,6]

[297,正在启动,0,5]
[298,是否退出蓝牙,0,0]

[300,自定义1,60,45]
[301,自定义2,60,45]
[302,自定义3,60,45]
[303,古典,60,45]
[304,舞曲,60,45]
[305,重低音,60,45]
[306,超重低音,60,45]
[307,超高音,60,45]
[308,耳机,60,45]
[309,大厅,60,45]
[310,现场,60,45]
[311,流行,60,45]
[312,摇滚,60,45]
[313,轻柔,60,45]
[314,轻摇滚,60,45]

[320,关闭,60,45]
[321,上一首,60,45]
[322,下一首,60,45]
[323,播放/暂停,60,45]

[324,向右快速滑动退出,0,0]
[325,,0,0]

[326,任意页面长按屏幕返回主页面,0,0]
[327,,0,0]
[328,,0,0]
[329,快速连按三次电源按钮,60,35]
[330,,60,35]
[331,双击,14,45]
[332,三击,14,45]
[333,歌词模式,14,45]
[334,此模式下歌词界面屏幕常亮,0,0]

[335,自定义屏保说明:,0,0]
[336,1.自定义屏保图片存储文件夹为:,0,0]
[337,lockscreenimage，位于TF卡的根,0,0] 
[338,目录;,0,0] 
[339,,0,0]
[340,2.图片格式支持PNG、JPG，分辨,0,0]
[341,率为240x240，大小不超过1M;,0,0] 
[342,,0,0] 
[343,,0,0]
[344,3.图片数量仅限5张以内.,0,0] 
[345,,0,0]