[1,ภาษาไทย,-83,200]
[2,กำลังเล่น,-83,200]
[3,ค้นหาไฟล์แบบโฟลเด้อร์,-73,200]
[4,ตั้งค่าการเล่น,-83,200]
[5,ตั้งค่าระบบ,-83,200]
[6,เมนูหลัก,0,0]
[7,Micro SD ภายนอก,60,45]
[8,OTG,60,45]
[12,ไม่มีข้อมูล,0,0]
[13,หน้าปก,14,45]
[14,ศิลปิน,14,45]
[15,อัลบั้ม,14,45]
[16,ประเภท,14,45]
[17,ยุค,14,45]
[18,ค่าความถี่,14,45]
[19,บิทเรท,14,45]
[20,Bits/Sample,14,45]
[21,ขนาดไฟล์,14,45]
[22,โค้ด,14,45]
[23,สถานที่,14,45]
[29,ข้อมูลเพลง,14,45]
[30,ค่าความดังสูงสุด,60,45]
[31,ความดังมาตรฐาน,60,45]
[32,โหมดย้อนกลับ,60,45]
[33,เล่นเพลงแบบไร้รอยต่อ,60,45]
[34,EQ,60,45]
[35,ตั้งค่ากำลังขับ,60,45]
[36,ตัวกรอง,60,45]
[37,ค่าความสมดุลย์,60,45]
[38,โหมดการเล่น,60,45]
[39,การข้ามโฟลเด้อร์,60,45]
[40,จางลง,60,45]
[41,gain replay,60,45]
[45,หน่วยความจำ,14,45]
[46,ความดัง,0,0]
[47,ปิด,60,45]
[48,เพลง,60,45]
[49,ตำแหน่ง,60,45]

[59,รายการเล่น,60,45]
[60,เล่นเพลงซ้ำ,60,45]
[61,สุ่มเพลง,60,45]
[62,เล่นทั้งหมดซ้ำ,60,45]
[63,อัพเดท ,60,45]
[64,บลูทูธ,60,45]
[65,ตั้งค่าไฟพื้นหลัง,60,45]
[66,ระยะเวลาไฟพื้นหลัง,60,45]
[67,นิ่งเฉย,60,45]
[68,เวลาพักหน้าจอ,60,45]
[69,โหมด USB,60,45]
[70,นาฬิกา,60,45]
[71,ล็อคหน้าจอ,60,45]
[72,ล๊อค ความดัง,60,45]
[73,ดับเบิ้ลคลิ้ก,60,45]
[74,DSD OUTPUT,60,45]
[75,เโหมด USB Audio,60,45]
[76,เลือกเอ้าท์พุท,60,45]
[77,ธีม,60,45]
[78,ภาษา,60,45]
[79,เกี่ยวกับ M0,60,45]
[80,คืนค่าโรงงาน,60,45]
[81,อัพเดทระบบ,60,45]
[82,技术证明,60,45]

[87,ออโต้ -แสตนบาย,60,45]
[88,ระบบพักหน้าจอ,60,45]
[89,1นาที,60,45]
[90,3นาที,60,45]
[91,5นาที,60,45]
[92,10นาที,60,45]
[93,ปิด,60,45]
[94,15นาที,60,45]
[95,30นาที,60,45]
[96,1ชม.,60,45]
[97,2ชม.,60,45]
[98,3ชม.,60,45]
[99,D2P,60,45]
[100,DOP,60,45]
[101,Native,60,45]

[102,简体中文,60,45]
[103,繁体中文,60,45]
[104,English,60,45]
[105,日本語,60,45]
[106,한국어,60,45]
[107,Français,60,45]
[108,Deutsch,60,45]
[109,español,60,45]
[110,Italiano,60,45]
[111,ภาษาไทย,60,45]
[112,Polski,60,45]

[114,บลูทูธ,0,0]
[115,ความละเอียด,0,0]
[116,ค้นหา,0,0]
[119,24H,0,0]
[120,รุ่น,60,45]
[121,ความจุภายในSD card,60,45]
[122,ความจุคงเหลือ,60,45]
[123,BT MAC,60,45]
[124,เฟิร์มแวร์เวอชั่น,60,45]

[130,เล่นทั้งหมด,60,45]
[131,รายการโปรด,60,45]
[132,อัลบั้ม,60,45]
[133,ศิลปิน,60,45]
[134,นักแต่งเพลง,60,45]
[135,รายการเพลง,60,45]
[136,ประเภท,60,45]
[137,ความถี่,60,45]
[138,ปัจจุบัน,60,45]
[139,เพิ่มล่าสุด,60,45]

[150,ความสว่าง,0,0]
[151,ปิด,60,45]
[152,10วินาที,60,45]
[153,20วินาที,60,45]
[154,30วินาที,60,45]
[155,40วินาที,60,45]

[160,คงที่่,60,45] 
[161,ปรับแต่ง,60,45]


[180,LDAC-HQ,60,45]
[181,LDAC-Normal,60,45]
[182,LDAC-Connect(อัตโนมัติ),60,45]
[183,aptX,60,45]
[184,AAC,60,45]
[185,SBC,60,45]

[190,ไม่สามารถย้ายได้,0,0]
[191,เชื่อมต่อแล้ว,0,0]
[192,ไม่สนับนุน,0,0]
[193,การเล่นล้มเหลว,0,0]
[194,รหัสบลูทูธ,0,0]
[195,ยกเลิกการเชื่อมต่อ,0,0]
[196,การเชื่อมต่อล้มเหลว,0,0]
[197,เชื่อมต่อแล้ว,0,0]
[198,กำลังเชื่อมต่อ,0,0]
[199,ยกเลิกการเชื่อมต่อ,0,0]
[200,กำลังค้นหา,0,0]
[201,ไม่พบ Micro SD,0,0]
[202,ไม่พบ OTG,0,0]
[203,ไม่พบเพลง,0,0]
[204,ชื่อยาวเกินไป,0,0]
[205,ไม่พบไฟล์ดังกล่าว,0,0]
[206,ลบล้มเหลว,0,0]
[207,ลบ,0,0]
[208,เพิ่มรายการเพลงโปรด,0,0]
[209,มีอยู่ในรายการเพลงโปรดแล้ว,0,0]
[210,ไม่พบความจำเสริม,0,0]
[211,กำลังอัพเดท,0,0]
[212,เลขที่ %d,0,0]
[213,รายการเพลงอัพเดทแล้ว,0,0]
[214,%d อัพเดท,0,0]
[215,อัพเดทรายการเพลงของฉัน,0,0]
[216,อัลบั้มที่ไม่รู้จัก,0,0]
[217,ประเภทที่ไม่รู้จัก,0,0]
[218,ศิลปินที่ไม่รู้จัก,0,0]
[219,เล่นทั้งหมด,0,0]
[220,ลบแล้ว,0,0]
[221,เพลย์ลิสต์ล้มเหลว,0,0]
[222,ใช่,50,71]
[223,เลขที่,144,71]
[224,สร้างรายการเพลง,0,0]
[225,ยืนยันการลบรายการเพลง?,0,0]
[226,ลบ,0,0]
[227,สร้างรายการเพลงสำเร็จ,0,0]
[228,เพิ่มรายการเพลงเรียบร้อยแล้ว,0,0]
[229,ใส่ Micro SD แล้ว,0,0]
[230,การ์ด Micro SD ถูกนำออกแล้ว,0,0]
[231,USB เชื่อมต่อ,0,0]
[232,ยกเลิกการเชื่อมต่อ,0,0]
[233,ไลน์เอ้าท์จะปรับความดังเป็นสูงสุด，ยืนยัน?,0,0]
[234,นักแต่งเพลงที่ไม่รู้จัก,0,0]

[235,เชื่อมต่อกับอุปกรณ์เสียง,0,0]
[236,ตัดการเชื่อมต่ออุปกรณ์เสียง,0,0]
[237,เชื่อมต่อบลูทูธ,0,186]
[238,ยกเลิกเชื่อมต่อบลูทูธ,0,186]
[239,เชื่อมต่อบลูทูธอีกครั้ง?,0,0]
[240,คืนค่ามาตรฐานโรงงาน?,0,0]
[243,คืนค่ามาตรฐานโรงงานแล้ว,0,0]
[244,แบตเตอรี่น้อย,0,0]
[245,กำลังชาร์จเสร็จแล้ว,0,0]
[246,ไม่พบเฟิร์มแวร์,0,0]
[247,เช็คล้มเหลว,0,0]
[248,ยืนยันการอัพเดท?,0,0]
[249,แบตเตอรี่ต่ำกว่า50%,0,0]
[250,กำลังรีสตาร์ท,0,0]
[251,กำลังเช็ค FV.,0,0]
[252,ไม่พบเพลง,0,0]
[253,ปิดเครื่อง,0,0]
[254,เฟิร์มแวร์ปัจจุบันล่าสุดแล้ว,0,0]
[255,รีเซท,0,0]

[260,Linear Fast,60,45]
[261,Linear Slow,60,45]
[262,Minimum Fast,60,45]
[263,Minimum Slow,60,45]
[264,Apodizing Fast 1,60,45]
[265,Apodizing Fast 2,60,45]
[266,Corrected min. Fast,60,45]
[267,Brick wall ,60,45]

[268,ล้มเหลว,0,0]
[269,สำเร็จ,0,0]
[270,ดับเบิ้ลคลิ้ก,60,35]
[271,,60,35]

[273,Zaktualizuj moją muzykę,60,45]
[274,Automatyczna aktualizacja,60,45]

[275,หากไม่ทำอะไรภายใน1นาที，,60,35]
[276,อุปกรณ์จะกลับสู่สถานะแสตนบาย,60,60]

[277,เพิ่มไปยังรายการเพลง,14,45]
[278,เพิ่มไปยังรายการเพลงโปรด,14,45]
[279,ลบ,14,45]

[280,เพิ่มไปยังรายการเพลง,14,45]
[281,เพิ่มไปยังรายการเพลงโปรด,14,45]
[282,ลบเพลง,14,45]

[283,เพิ่มไปยังรายการเพลง,14,45]
[284,ลบเพลง,14,45]
[285,ล้างรายการเพลงโปรด,14,45]

[286,เพิ่มไปยังรายการเพลงโปรด,14,45]
[287,ลบเพลง,14,45]
[288,ว่างเปล่า,14,45]

[289,ล้างรายการเพลงโปรด,0,0]
[290,สำเร็จ,0,0]

[291,สำเร็จ,14,45]
[292,เพิ่มไปยังรายการเพลงโปรด,14,45]
[293,ลบ,14,45]

[294,ไม่มีเนื้อเพลง,0,120]

[295,เชื่อมต่อ,0,6]
[296,อุปกรณ์ที่รองรับ,0,6]

[297,กำลังเริ่มระบบ,0,5]
[298,ต้องการออกจาก บลูทูธ ?,0,0]

[300,ปรับแต่งเอง1,60,45]
[301,ปรับแต่งเอง2,60,45]
[302,ปรับแต่งเอง3,60,45]
[303,คลาสสิค,60,45]
[304,แด๊นซ์,60,45]
[305,เบส,60,45]
[306,Ex เบส,60,45]
[307,Ex พิทช์,60,45]
[308,หุฟัง,60,45]
[309,ลอบบี้,60,45]
[310,ไลฟ์,60,45]
[311,ป๊อป,60,45]
[312,ร๊อค,60,45]
[313,นุ่มนวล,60,45]
[314,ร๊อคนุ่มนวล,60,45]

[320,ปิด,60,45]
[321,ย้อนกลับ,60,45]
[322,เพลงถัดไป,60,45]
[323,เล่น/หยุด,60,45]

[324,กวาดไปทางขวาเพื่อออก,0,0]
[325,,0,0]

[326,ย้อนกลับไปที่เมนูหลัก，,0,0]
[327,ด้วยการกดค้างไว้บนหน้าจอ,0,0]
[328,,0,0]
[329,กดปุ่มเสียงอย่างไว x ครั้ง,60,35]
[330,,60,35]
[331,ดับเบิ้ลคลิ๊ก,14,45]
[332,ทริปเปิ้ลคลิ๊ก,14,45]
[333,โหมดเนื้อเพลง,14,45]
[334,หน้าจอแสดงผลเนื้อเพลงสว่างเสมอในโหมดนี้,0,0]

[335,ล็อคหน้าจอที่กำหนดเอง:,0,0]
[336,1.หน้าจอล็อคแบบกำหนดเอง:รูปภาพจ,0,0]
[337,ะต้องเก็บไว้ในโฟลเดอร์ "lockscreeni,0,0] 
[338,mage" ซึ่งอยู่ในโฟลเดอร์รูทของการ์ด,0,0] 
[339,micro SD;,0,0]
[340,2.รองรับ PNG และ JPG ความละเอี,0,0]
[341,ยด 240x240 ต่ำกว่า 1MB;,0,0] 
[342,,0,0] 
[343,,0,0]
[344,3.สูงสุด 5 ภาพในโฟลเดอร์.,0,0] 
[345,,0,0]