[1,再生中,-83,200]
[2,マイミュージック,-83,200]
[3,ファイル一覧,-73,200]
[4,再生設定,-83,200]
[5,システム設定,-83,200]
[6,メインメニュー,0,0]
[7,外部microSDカード,60,45]
[8,OTG,60,45]
[12,不明,0,0]
[13,タイトル,14,45]
[14,アーティスト,14,45]
[15,アルバム,14,45]
[16,ジャンル,14,45]
[17,年代,14,45]
[18,サンプリングレート,14,45]
[19,ビットレート,14,45]
[20,ビット深度,14,45]
[21,ファイルサイズ,14,45]
[22,コーデック,14,45]
[23,場所,14,45]
[29,曲情報,14,45]
[30,最大音量の制限,60,45]
[31,起動時の音量設定,60,45]
[32,アーティストリスト表示,60,45]
[33,プレイ再開時設定,60,45]
[34,ギャップレス,60,45]
[35,EQ,60,45]
[36,ゲイン設定,60,45]
[37,フィルター,60,45]
[38,左右バランス,60,45]
[39,再生設定,60,45]
[40,フォルダ間再生,60,45]
[41,フェードイン/アウト,60,45]
[42,ゲインリプレイ,60,45]
[45,メモリ,14,45]
[46,ボリューム,0,0]
[47,オフ,60,45]
[48,トラック,60,45]
[49,停止した場所,60,45]
[50,アーティスト,60,45]
[51,アルバムアーティスト,60,45]


[59,リストプレイ,60,45]
[60,トラックリピート,60,45]
[61,ランダムプレイ,60,45]
[62,オールリピート,60,45]
[63,マイミュージックの更新,60,45]
[64,Bluetooth,60,45]
[65,バックライトの明るさ,60,45]
[66,バックライトオフ設定,60,45]
[67,電源管理,60,45]
[68,スリープタイマー設定,60,45]
[69,USBモード,60,45]
[70,時計,60,45]
[71,ロック画面,60,45]
[72,ボリュームロック,60,45]
[73,ダブルクリック,60,45]
[74,DSD出力モード,60,45]
[75,USBオーディオアウトプット,60,45]
[76,出力選択,60,45]
[77,テーマ,60,45]
[78,言語,60,45]
[79,製品について,60,45]
[80,工場出荷時の設定に戻しますか?,60,45]
[81,システムをアップデートしますか?,60,45]
[82,技術証明,60,45]

[87,オートスタンバイ設定,60,45]
[88,オートシャットダウン設定,60,45]
[89,1分,60,45]
[90,3分,60,45]
[91,5分,60,45]
[92,10分,60,45]
[93,オフ,60,45]
[94,15分,60,45]
[95,30分,60,45]
[96,1時間,60,45]
[97,2時間,60,45]
[98,3時間,60,45]
[99,D2P,60,45]
[100,DoP,60,45]
[101,Native,60,45]

[102,简体中文,60,45]
[103,繁体中文,60,45]
[104,English,60,45]
[105,日本語,60,45]
[106,한국어,60,45]
[107,Français,60,45]
[108,Deutsch,60,45]
[109,español,60,45]
[110,Italiano,60,45]
[111,ภาษาไทย,60,45]
[112,Polski,60,45]

[114,Bluetooth,0,0]
[115,高音質,0,0]
[116,デバイスの検索,0,0]
[119,24時間,0,0]
[120,モデル,60,45]
[121,外部メモリ,60,45]
[122,空き容量,60,45]
[123,BT MAC,60,45]
[124,ファームウェア,60,45]

[130,全曲表示,60,45]
[131,お気に入り,60,45]
[132,アルバム,60,45]
[133,アーティスト,60,45]
[134,作曲者,60,45]
[135,プレイリスト,60,45]
[136,ジャンル,60,45]
[137,よく再生する曲,60,45]
[138,最近再生した曲,60,45]
[139,最近追加した曲,60,45]

[150,明るさ,0,0]
[151,オフ,60,45]
[152,10秒,60,45]
[153,20秒,60,45]
[154,30秒,60,45]
[155,40秒,60,45]

[160,固定,60,45]
[161,可変,60,45]

[180,LDAC 音質優先モード,60,45]
[181,LDAC 標準モード,60,45]
[182,LDAC 接続優先モード(自動的に),60,45]
[183,aptX,60,45]
[184,AAC,60,45]
[185,SBC,60,45]

[190,削除できません,0,0]
[191,一致しました,0,0]
[192,この曲はサポートされていません,0,0]
[193,再生に失敗しました,0,0]
[194,Bluetoothコード,0,0]
[195,接続が解除されました,0,0]
[196,接続できませんでした,0,0]
[197,接続済,0,0]
[198,接続中,0,0]
[199,キャンセル,0,0]
[200,検索中,0,0]
[201,microSDカードが見つかりません,0,0]
[202,OTGが見つかりませんでした,0,0]
[203,ファイルが見つかりません,0,0]
[204,ファイル名が長すぎます,0,0]
[205,ファイルが見つかりません,0,0]
[206,削除に失敗しました,0,0]
[207,削除しました,0,0]
[208,お気に入りに追加しました,0,0]
[209,既にお気に入りにあります,0,0]
[210,ストレージデバイスが見つかりません,0,0]
[211,更新中,0,0]
[212,%d曲,0,0]
[213,更新が完了しました,0,0]
[214,%d更新完了,0,0]
[215,マイミュージックの更新,0,0]
[216,不明なアルバム,0,0]
[217,不明なジャンル,0,0]
[218,不明なアーティスト,0,0]
[219,全曲表示,0,0]
[220,曲を削除します成功,0,0]
[221,プレイリストエラー,0,0]
[222,はい,50,71]
[223,いいえ,144,71]
[224,プレイリストの作成,0,0]
[225,プレイリストを削除しますか？,0,0]
[226,削除しました,0,0]
[227,プレイリストに追加しました,0,0]
[228,ソングリピート,0,0]
[229,microSDカードが挿入されました,0,0]
[230,microSDカードを引き出す,0,0]
[231,USB経由で接続しました,0,0]
[232,接続が解除されました,0,0]
[233,ラインアウト出力時には音量が最大で固定されます。続けますか？,0,0]
[234,不明な作曲者,0,0]

[235,音声デバイスの接続,0,0]
[236,音声デバイスの切断,0,0]
[237,BT接続しました,0,186]
[238,BT接続が解除されました,0,186]
[239,もう一度BT接続しますか?,0,0]
[240,すべての設定をリセット?,0,0]
[243,すべての設定をリセットしました,0,0]
[244,バッテリ不足,0,0]
[245,充電完了,0,0]
[246,新しいファームウェアが見つかりません,0,0]
[247,アップデートファイルエラー,0,0]
[248,アップデートを確認しますか？,0,0]
[249,バッテリー残量<50％,0,0]
[250,システムを再起動しています,0,0]
[251,ファームウェアバージョンの確認,0,0]
[252,曲が見つかりません,0,0]
[253,オートシャットダウン,0,0]
[254,既に最新バージョンがインストールされています,0,0]
[255,リセット,0,0]

[260,Linear Fast,60,45]
[261,Linear Slow,60,45]
[262,Minimum Fast,60,45]
[263,Minimum Slow,60,45]
[264,Apodizing Fast 1,60,45]
[265,Apodizing Fast 2,60,45]
[266,Corrected min. Fast,60,45]
[267,Brick wall ,60,45]

[268,フォルダの削除に失敗しました,0,0]
[269,フォルダを削除しました,0,0]
[270,電源ボタンをダブルクリックします。,60,35]
[271,,60,35]

[273,自動更新,60,45]
[274,更新,60,45]

[275,1分間、操作をしないとスタ,60,35]
[276,ンバイモードに入ります。,60,60]

[277,プレイリストに追加します,14,45]
[278,お気に入りに追加しました,14,45]
[279,削除,14,45]

[280,プレイリストに追加します,14,45]
[281,お気に入りに追加しました,14,45]
[282,曲を削除します,14,45]

[283,プレイリストに追加します,14,45]
[284,曲を削除します,14,45]
[285,清空我的最爱,14,45]

[286,お気に入りに追加しました,14,45]
[287,曲を削除します,14,45]
[288,プレイリストを削除します,14,45]

[289,お気に入りを空にしました,0,0]
[290,プレイリストを削除しました,0,0]

[291,プレイリストに追加します,14,45]
[292,お気に入りに追加しました,14,45]
[293,フォルダの削除,14,45]

[294,歌詞がありません,0,120]

[295,ペアリング済デバイス,0,6]
[296,接続可能なデバイス,0,6]

[297,システムを起動しています,0,5]
[298,Bluetooth接続を終了しますか？,0,0]

[300,カスタム1,60,45]
[301,カスタム2,60,45]
[302,カスタム3,60,45]
[303,クラシック,60,45]
[304,ダンス,60,45]
[305,バス,60,45]
[306,エクストラバス,60,45]
[307,エクストラピッチ,60,45]
[308,ヘッドホン,60,45]
[309,ロビー,60,45]
[310,ライブ,60,45]
[311,ポップ,60,45]
[312,ロック,60,45]
[313,ソフト,60,45]
[314,ソフトロック,60,45]

[320,オフ,60,45]
[321,前へ,60,45]
[322,次へ,60,45]
[323,再生/停止,60,45]

[324,右にスワイプして終了します,0,0]
[325,て終了する,0,0]

[326,画面を長押しするとメ,0,0]
[327,インメニューに戻ります,0,0]
[328,,0,0]
[329,電源ボタンを素早く３回押します,60,35]
[330,,60,35]
[331,ダブルクリック,14,45]
[332,トトリプルクリック,14,45]
[333,歌詞モード,14,45]
[334,歌詞のインターフェース画面は常に明るいです,0,0]

[335,カスタムロック画面:,0,0]
[336,1.画像はmicroSDカードのルートフ,0,0]
[337,ォルダに「lockscreenimage」フォ,0,0] 
[338,ルダを作成し、その中に保存する,0,0] 
[339,必要があります;,0,0]
[340,2.PNGとJPG、1MB以下の解像度,0,0]
[341,240x240をサポート;,0,0] 
[342,,0,0] 
[343,,0,0]
[344,3.フォルダー内に最大5枚の画像.,0,0] 
[345,,0,0]

